m[mi++]="01.02.17 23:55:00|0;0;0;65500;0;0;0|0;0;0;0;0;0;0|0;0;0;63900;0;0;0|0;8;0;0.0;3871|37354;0;771067"
m[mi++]="01.02.17 23:50:00|0;0;0;65500;0;0;0|0;0;0;0;0;0;0|0;0;0;63900;0;0;0|0;8;0;0.0;3871|36914;0;767954"
m[mi++]="01.02.17 23:45:00|0;0;0;65500;0;0;0|0;0;0;0;0;0;0|0;0;0;63900;0;0;0|0;8;0;0.0;3871|38274;0;764875"
m[mi++]="01.02.17 23:40:00|0;0;0;65500;0;0;0|0;0;0;0;0;0;0|0;0;0;63900;0;0;0|0;8;0;0.0;3871|37380;0;761687"
m[mi++]="01.02.17 23:35:00|0;0;0;65500;0;0;0|0;0;0;0;0;0;0|0;0;0;63900;0;0;0|0;8;0;0.0;3871|38526;0;758572"
m[mi++]="01.02.17 23:30:00|0;0;0;65500;0;0;0|0;0;0;0;0;0;0|0;0;0;63900;0;0;0|0;8;0;0.0;3871|38249;0;755371"
m[mi++]="01.02.17 23:25:00|0;0;0;65500;0;0;0|0;0;0;0;0;0;0|0;0;0;63900;0;0;0|0;8;0;0.0;3871|36812;0;752152"
m[mi++]="01.02.17 23:20:00|0;0;0;65500;0;0;0|0;0;0;0;0;0;0|0;0;0;63900;0;0;0|0;9;0;0.0;3871|37375;0;749083"
m[mi++]="01.02.17 23:15:00|0;0;0;65500;0;0;0|0;0;0;0;0;0;0|0;0;0;63900;0;0;0|0;9;0;0.0;3871|35193;0;745968"
m[mi++]="01.02.17 23:10:00|0;0;0;65500;0;0;0|0;0;0;0;0;0;0|0;0;0;63900;0;0;0|0;9;0;0.0;3871|32846;0;743037"
m[mi++]="01.02.17 23:05:00|0;0;0;65500;0;0;0|0;0;0;0;0;0;0|0;0;0;63900;0;0;0|0;9;0;0.0;3871|33161;0;740629"
m[mi++]="01.02.17 23:00:00|0;0;0;65500;0;0;0|0;0;0;0;0;0;0|0;0;0;63900;0;0;0|0;9;0;0.0;3871|33350;0;737544"
m[mi++]="01.02.17 22:55:00|0;0;0;65500;0;0;0|0;0;0;0;0;0;0|0;0;0;63900;0;0;0|0;9;0;0.0;3871|34597;0;734760"
m[mi++]="01.02.17 22:50:00|0;0;0;65500;0;0;0|0;0;0;0;0;0;0|0;0;0;63900;0;0;0|0;9;0;0.0;3871|32062;0;731879"
m[mi++]="01.02.17 22:45:00|0;0;0;65500;0;0;0|0;0;0;0;0;0;0|0;0;0;63900;0;0;0|0;9;0;0.0;3871|33077;0;729208"
m[mi++]="01.02.17 22:40:00|0;0;0;65500;0;0;0|0;0;0;0;0;0;0|0;0;0;63900;0;0;0|0;9;0;0.0;3871|34569;0;726452"
m[mi++]="01.02.17 22:35:00|0;0;0;65500;0;0;0|0;0;0;0;0;0;0|0;0;0;63900;0;0;0|0;9;0;0.0;3871|32180;0;723572"
m[mi++]="01.02.17 22:30:00|0;0;0;65500;0;0;0|0;0;0;0;0;0;0|0;0;0;63900;0;0;0|0;9;0;0.0;3871|34116;0;720891"
m[mi++]="01.02.17 22:25:00|0;0;0;65500;0;0;0|0;0;0;0;0;0;0|0;0;0;63900;0;0;0|0;9;0;0.0;3871|36719;0;718063"
m[mi++]="01.02.17 22:20:00|0;0;0;65500;0;0;0|0;0;0;0;0;0;0|0;0;0;63900;0;0;0|0;9;0;0.0;3871|35663;0;715004"
m[mi++]="01.02.17 22:15:00|0;0;0;65500;0;0;0|0;0;0;0;0;0;0|0;0;0;63900;0;0;0|0;9;0;0.0;3871|33890;0;712033"
m[mi++]="01.02.17 22:10:00|0;0;0;65500;0;0;0|0;0;0;0;0;0;0|0;0;0;63900;0;0;0|0;9;0;0.0;3871|32076;0;709210"
m[mi++]="01.02.17 22:05:00|0;0;0;65500;0;0;0|0;0;0;0;0;0;0|0;0;0;63900;0;0;0|0;9;0;0.0;3871|34422;0;706537"
m[mi++]="01.02.17 22:00:00|0;0;0;65500;0;0;0|0;0;0;0;0;0;0|0;0;0;63900;0;0;0|0;9;0;0.0;3871|35548;0;703669"
m[mi++]="01.02.17 21:55:00|0;0;0;65500;0;0;0|0;0;0;0;0;0;0|0;0;0;63900;0;0;0|0;9;0;0.0;3871|36509;0;700734"
m[mi++]="01.02.17 21:50:00|0;0;0;65500;0;0;0|0;0;0;0;0;0;0|0;0;0;63900;0;0;0|0;9;0;0.0;3871|36586;0;697685"
m[mi++]="01.02.17 21:45:00|0;0;0;65500;0;0;0|0;0;0;0;0;0;0|0;0;0;63900;0;0;0|0;9;0;0.0;3871|34623;0;694640"
m[mi++]="01.02.17 21:40:00|0;0;0;65500;0;0;0|0;0;0;0;0;0;0|0;0;0;63900;0;0;0|0;10;0;0.0;3871|34567;0;691753"
m[mi++]="01.02.17 21:35:00|0;0;0;65500;0;0;0|0;0;0;0;0;0;0|0;0;0;63900;0;0;0|0;10;0;0.0;3871|31874;0;688871"
m[mi++]="01.02.17 21:30:00|0;0;0;65500;0;0;0|0;0;0;0;0;0;0|0;0;0;63900;0;0;0|0;10;0;0.0;3871|33760;0;686216"
m[mi++]="01.02.17 21:25:00|0;0;0;65500;0;0;0|0;0;0;0;0;0;0|0;0;0;63900;0;0;0|0;10;0;0.0;3871|38157;0;683373"
m[mi++]="01.02.17 21:20:00|0;0;0;65500;0;0;0|0;0;0;0;0;0;0|0;0;0;63900;0;0;0|0;10;0;0.0;3871|41422;0;680195"
m[mi++]="01.02.17 21:15:00|0;0;0;65500;0;0;0|0;0;0;0;0;0;0|0;0;0;63900;0;0;0|0;10;0;0.0;3871|35858;0;676743"
m[mi++]="01.02.17 21:10:00|0;0;0;65500;0;0;0|0;0;0;0;0;0;0|0;0;0;63900;0;0;0|0;10;0;0.0;3871|40633;0;673757"
m[mi++]="01.02.17 21:05:00|0;0;0;65500;0;0;0|0;0;0;0;0;0;0|0;0;0;63900;0;0;0|0;11;0;0.0;3871|37966;0;670370"
m[mi++]="01.02.17 21:00:00|0;0;0;65500;0;0;0|0;0;0;0;0;0;0|0;0;0;63900;0;0;0|0;11;0;0.0;3871|36560;0;667195"
m[mi++]="01.02.17 20:55:00|0;0;0;65500;0;0;0|0;0;0;0;0;0;0|0;0;0;63900;0;0;0|0;11;0;0.0;3871|34604;0;664165"
m[mi++]="01.02.17 20:50:00|0;0;0;65500;0;0;0|0;0;0;0;0;0;0|0;0;0;63900;0;0;0|0;11;0;0.0;3871|34964;0;661282"
m[mi++]="01.02.17 20:45:00|0;0;0;65500;0;0;0|0;0;0;0;0;0;0|0;0;0;63900;0;0;0|0;11;0;0.0;3871|33752;0;658377"
m[mi++]="01.02.17 20:40:00|0;0;0;65500;0;0;0|0;0;0;0;0;0;0|0;0;0;63900;0;0;0|0;11;0;0.0;3871|33227;0;655554"
m[mi++]="01.02.17 20:35:00|0;0;0;65500;0;0;0|0;0;0;0;0;0;0|0;0;0;63900;0;0;0|0;11;0;0.0;3871|35233;0;652785"
m[mi++]="01.02.17 20:30:00|0;0;0;65500;0;0;0|0;0;0;0;0;0;0|0;0;0;63900;0;0;0|0;11;0;0.0;3871|32986;0;649852"
m[mi++]="01.02.17 20:25:00|0;0;0;65500;0;0;0|0;0;0;0;0;0;0|0;0;0;63900;0;0;0|0;11;0;0.0;3871|34672;0;647118"
m[mi++]="01.02.17 20:20:00|0;0;0;65500;0;0;0|0;0;0;0;0;0;0|0;0;0;63900;0;0;0|0;11;0;0.0;3871|33499;0;644223"
m[mi++]="01.02.17 20:15:00|0;0;0;65500;0;0;0|0;0;0;0;0;0;0|0;0;0;63900;0;0;0|0;11;0;0.0;3871|35738;0;641430"
m[mi++]="01.02.17 20:10:00|0;0;0;65500;0;0;0|0;0;0;0;0;0;0|0;0;0;63900;0;0;0|0;12;0;0.0;3871|32477;0;638455"
m[mi++]="01.02.17 20:05:00|0;0;0;65500;0;0;0|0;0;0;0;0;0;0|0;0;0;63900;0;0;0|0;12;0;0.0;3871|36127;0;635748"
m[mi++]="01.02.17 20:00:00|0;0;0;65500;0;0;0|0;0;0;0;0;0;0|0;0;0;63900;0;0;0|0;12;0;0.0;3871|35445;0;632735"
m[mi++]="01.02.17 19:55:00|0;0;0;65500;0;0;0|0;0;0;0;0;0;0|0;0;0;63900;0;0;0|0;12;0;0.0;3871|34724;0;629816"
m[mi++]="01.02.17 19:50:00|0;0;0;65500;0;0;0|0;0;0;0;0;0;0|0;0;0;63900;0;0;0|0;12;0;0.0;3871|32003;0;626921"
m[mi++]="01.02.17 19:45:00|0;0;0;65500;0;0;0|0;0;0;0;0;0;0|0;0;0;63900;0;0;0|0;12;0;0.0;3871|36078;0;624254"
m[mi++]="01.02.17 19:40:00|0;0;0;65500;0;0;0|0;0;0;0;0;0;0|0;0;0;63900;0;0;0|0;13;0;0.0;3871|32432;0;621245"
m[mi++]="01.02.17 19:35:00|0;0;0;65500;0;0;0|0;0;0;0;0;0;0|0;0;0;63900;0;0;0|0;13;0;0.0;3871|31781;0;618542"
m[mi++]="01.02.17 19:30:00|0;0;0;65500;0;0;0|0;0;0;0;0;0;0|0;0;0;63900;5;5;0|0;13;0;0.0;3871|31295;0;615892"
m[mi++]="01.02.17 19:25:00|0;0;0;65500;0;0;0|0;0;0;0;0;0;0|0;0;0;63900;5;5;0|0;13;0;0.0;3871|34080;0;613264"
m[mi++]="01.02.17 19:20:00|0;0;0;65500;0;0;0|0;0;0;0;0;0;0|0;0;0;63900;5;5;0|0;13;0;0.0;3871|34661;0;610415"
m[mi++]="01.02.17 19:15:00|0;0;0;65500;0;0;0|0;0;0;0;0;0;0|0;0;0;63900;0;0;0|0;13;0;0.0;3871|35633;0;607524"
m[mi++]="01.02.17 19:10:00|0;0;0;65500;0;0;0|0;0;0;0;0;0;0|0;0;0;63900;0;0;0|0;13;0;0.0;3871|33784;0;604554"
m[mi++]="01.02.17 19:05:00|0;0;0;65500;0;0;0|0;0;0;0;0;0;0|0;0;0;63900;5;5;0|0;13;0;0.0;3871|35136;0;601739"
m[mi++]="01.02.17 19:00:00|0;0;0;65500;0;0;0|0;0;0;0;0;0;0|0;0;0;63900;0;0;0|0;14;0;0.0;3871|31963;0;598811"
m[mi++]="01.02.17 18:55:00|0;0;0;65500;0;0;0|0;0;0;0;0;0;0|0;0;0;63900;0;0;0|0;14;0;0.0;3871|30756;0;596151"
m[mi++]="01.02.17 18:50:00|0;0;0;65500;0;0;0|0;0;0;0;0;0;0|0;0;0;63900;5;5;0|0;14;0;0.0;3871|36801;0;593663"
m[mi++]="01.02.17 18:45:00|0;0;0;65500;0;0;0|0;0;0;0;0;0;0|0;0;0;63900;0;0;0|0;14;0;0.0;3871|35055;0;590519"
m[mi++]="01.02.17 18:40:00|0;0;0;65500;0;0;0|0;0;0;0;0;0;0|0;0;0;63900;0;0;0|0;14;0;0.0;3871|34061;0;587599"
m[mi++]="01.02.17 18:35:00|0;0;0;65500;0;0;0|0;0;0;0;0;0;0|0;0;0;63900;0;0;0|0;14;0;0.0;3871|33190;0;584763"
m[mi++]="01.02.17 18:30:00|0;0;0;65500;0;0;0|0;0;0;0;0;0;0|0;0;1;63900;12;12;0|0;14;0;0.0;3871|33555;0;582001"
m[mi++]="01.02.17 18:25:00|0;0;0;65500;0;0;0|0;0;0;0;0;0;0|0;0;0;63900;6;6;0|0;14;0;0.0;3871|35583;0;579180"
m[mi++]="01.02.17 18:20:00|0;0;0;65500;68;68;8|0;0;0;0;0;0;0|0;6;9;63900;100;100;3|0;15;0;0.0;3871|38300;0;576281"
m[mi++]="01.02.17 18:15:00|0;11;3;65500;567;567;33|0;0;0;0;0;0;0|0;14;37;63900;533;530;34|1;15;0;0.0;3871|31350;0;573114"
m[mi++]="01.02.17 18:10:00|5;23;0;65500;652;652;34|0;0;0;0;0;0;0|0;22;41;63900;611;611;34|3;15;0;0.0;3871|35027;0;570523"
m[mi++]="01.02.17 18:05:00|0;50;3;65400;690;690;34|0;0;0;0;0;0;0|0;33;54;63900;649;649;35|7;16;0;0.0;3871|31120;0;567606"
m[mi++]="01.02.17 18:00:00|221;23;0;65400;338;338;35|0;0;0;0;0;0;0|0;23;47;63900;666;666;35|11;16;0;0.0;3871|26407;0;564998"
m[mi++]="01.02.17 17:55:00|189;134;6;65400;626;625;35|0;0;0;0;0;0;0|110;130;63;63900;672;672;36|22;17;0;0.0;3870|25971;0;562738"
m[mi++]="01.02.17 17:50:00|710;805;0;65400;588;588;35|0;0;0;0;0;0;0|555;511;27;63900;617;617;36|38;18;0;0.0;3868|28042;0;560584"
m[mi++]="01.02.17 17:45:00|1085;1322;0;65300;602;602;36|0;0;0;0;0;0;0|680;774;50;63900;599;599;37|63;19;0;0.0;3864|23268;0;558255"
m[mi++]="01.02.17 17:40:00|1225;1426;6;65200;619;619;36|0;0;0;0;0;0;0|805;992;35;63800;601;600;37|66;20;0;0.0;3859|27098;0;556312"
m[mi++]="01.02.17 17:35:00|2100;2140;111;65100;664;664;36|0;0;0;0;0;0;0|1335;1542;24;63700;619;619;37|102;21;0;0.0;3854|27909;0;554059"
m[mi++]="01.02.17 17:30:00|2530;2624;9;65000;664;664;36|0;0;0;0;0;0;0|1738;1965;44;63600;648;648;37|120;22;0;0.0;3845|22631;0;551725"
m[mi++]="01.02.17 17:25:00|3011;3123;3;64700;665;665;36|0;0;0;0;0;0;0|2229;2300;42;63500;663;663;36|141;22;0;0.0;3835|25059;0;549842"
m[mi++]="01.02.17 17:20:00|3565;3662;3;64500;674;674;35|0;0;0;0;0;0;0|2700;2716;112;63300;660;660;36|165;23;0;0.0;3823|28317;0;547764"
m[mi++]="01.02.17 17:15:00|4052;2706;1408;64200;679;679;35|0;0;0;0;0;0;0|3115;3207;34;63100;663;662;36|188;24;0;0.0;3809|24946;0;545398"
m[mi++]="01.02.17 17:10:00|4450;2269;2221;63900;683;683;35|0;0;0;0;0;0;0|3512;3605;45;62800;665;665;36|207;25;0;0.0;3794|32740;0;543380"
m[mi++]="01.02.17 17:05:00|4811;2450;2426;63500;691;690;34|0;0;0;0;0;0;0|3905;2823;1227;62500;668;668;36|224;26;0;0.0;3776|27887;0;540552"
m[mi++]="01.02.17 17:00:00|5261;2636;2606;63100;680;680;34|0;0;0;0;0;0;0|4244;2197;2218;62200;670;669;36|241;26;0;0.0;3758|23523;0;538199"
m[mi++]="01.02.17 16:55:00|5510;2849;2810;62600;695;695;34|0;0;0;0;0;0;0|4585;2364;2374;61800;668;668;35|255;26;0;0.0;3738|30322;0;536243"
m[mi++]="01.02.17 16:50:00|6030;3081;3042;62200;692;692;34|0;0;0;0;0;0;0|4970;2553;2563;61400;667;667;35|274;27;0;0.0;3717|30364;0;533719"
m[mi++]="01.02.17 16:45:00|6742;3411;3404;61600;690;690;34|0;0;0;0;0;0;0|5668;2934;2941;61000;668;668;35|306;28;0;0.0;3694|30557;0;531189"
m[mi++]="01.02.17 16:40:00|7280;3629;3592;61100;692;692;34|0;0;0;0;0;0;0|6155;3139;3139;60500;671;671;35|326;28;0;0.0;3669|33414;0;528671"
m[mi++]="01.02.17 16:35:00|7900;3949;3939;60500;695;695;34|0;0;0;0;0;0;0|6730;3459;3458;60000;677;676;35|351;26;0;0.0;3642|32784;0;525898"
m[mi++]="01.02.17 16:30:00|4616;2574;2143;59800;703;703;34|0;0;0;0;0;0;0|5022;3255;1947;59400;668;668;36|229;22;0;0.0;3613|24920;0;523178"
m[mi++]="01.02.17 16:25:00|2036;1761;374;59400;680;680;34|0;0;0;0;0;0;0|1736;1980;26;59000;621;623;36|98;23;0;0.0;3594|31381;0;521086"
m[mi++]="01.02.17 16:20:00|4457;2323;2143;59300;711;712;35|0;0;0;0;0;0;0|3989;3379;733;58900;661;661;36|213;26;0;0.0;3586|32857;0;518468"
m[mi++]="01.02.17 16:15:00|6784;3351;3413;58900;706;706;35|0;0;0;0;0;0;0|4700;3050;1850;58500;663;663;36|297;27;0;0.0;3569|39968;0;515711"
m[mi++]="01.02.17 16:10:00|7415;3882;3555;58300;711;710;35|0;0;0;0;0;0;0|6485;3678;3002;58100;678;678;36|358;25;0;0.0;3544|36291;0;512402"
m[mi++]="01.02.17 16:05:00|3372;1604;1589;57700;701;701;35|0;0;0;0;0;0;0|2294;2435;102;57600;648;648;36|173;22;0;0.0;3515|24976;0;509376"
m[mi++]="01.02.17 16:00:00|2829;1867;897;57400;687;688;35|0;0;0;0;0;0;0|2511;2741;56;57400;642;643;36|128;23;0;0.0;3501|25383;0;507262"
m[mi++]="01.02.17 15:55:00|2735;2704;143;57200;675;675;35|0;0;0;0;0;0;0|2420;2662;28;57200;637;637;37|125;24;0;0.0;3490|28424;0;505169"
m[mi++]="01.02.17 15:50:00|3082;3186;3;57000;665;664;35|0;0;0;0;0;0;0|2676;2959;40;57000;633;633;37|139;26;0;0.0;3479|35143;0;502798"
m[mi++]="01.02.17 15:45:00|3778;3840;0;56700;667;667;35|0;0;0;0;0;0;0|3342;3567;46;56800;635;635;37|169;27;0;0.0;3468|35713;0;499925"
m[mi++]="01.02.17 15:40:00|3995;3263;828;56400;668;667;35|0;0;0;0;0;0;0|3645;3431;546;56500;633;633;37|181;28;0;0.0;3454|32067;0;496936"
m[mi++]="01.02.17 15:35:00|4550;2308;2267;56000;664;664;35|0;0;0;0;0;0;0|4120;2210;2229;56200;625;626;37|210;32;0;0.0;3439|31885;0;494255"
m[mi++]="01.02.17 15:30:00|4488;2306;2252;55700;646;646;35|0;0;0;0;0;0;0|4122;2200;2205;55800;614;613;37|218;36;0;0.0;3422|34019;0;491599"
m[mi++]="01.02.17 15:25:00|5070;2737;2377;55300;710;709;35|0;0;0;0;0;0;0|8470;5604;3279;55500;628;628;36|428;42;0;0.0;3405|35176;0;488690"
m[mi++]="01.02.17 15:20:00|11170;5513;5645;54800;732;731;35|0;0;0;0;0;0;0|10750;6173;4766;54700;681;680;36|706;43;0;0.0;3371|32965;0;485763"
m[mi++]="01.02.17 15:15:00|10536;5324;5353;53900;752;752;35|0;0;0;0;0;0;0|10636;5264;5438;53900;705;705;36|753;41;0;0.0;3316|32138;0;483015"
m[mi++]="01.02.17 15:10:00|7415;3631;3647;53000;737;737;34|0;0;0;0;0;0;0|7005;3619;3666;53000;692;692;36|583;38;0;0.0;3257|25171;0;480341"
m[mi++]="01.02.17 15:05:00|6147;3087;2920;52400;753;753;34|0;0;0;0;0;0;0|7242;3966;3659;52400;671;671;36|539;38;0;0.0;3210|30514;0;478258"
m[mi++]="01.02.17 15:00:00|8522;4217;4186;51800;712;712;34|0;0;0;0;0;0;0|8666;4915;3921;51800;675;675;35|563;36;0;0.0;3166|31582;0;475739"
m[mi++]="01.02.17 14:55:00|8042;4000;3987;51200;714;714;34|0;0;0;0;0;0;0|6884;3523;3536;51100;651;651;35|492;39;0;0.0;3123|30218;0;473166"
m[mi++]="01.02.17 14:50:00|10290;5160;5061;50500;737;737;34|0;0;0;0;0;0;0|9440;5039;4843;50500;691;691;35|666;40;0;0.0;3085|32139;0;470611"
m[mi++]="01.02.17 14:45:00|12185;5993;6067;49600;769;769;34|0;0;0;0;0;0;0|12380;6174;6369;49700;729;729;35|872;38;0;0.0;3033|37474;0;467951"
m[mi++]="01.02.17 14:40:00|4290;2011;2065;48600;737;736;34|0;0;0;0;0;0;0|6755;3511;3512;48600;651;650;35|401;32;0;0.0;2963|24693;0;464828"
m[mi++]="01.02.17 14:35:00|5795;2755;2736;48300;700;700;34|0;0;0;0;0;0;0|5580;2923;2951;48100;640;640;35|358;36;0;0.0;2931|22301;0;462768"
m[mi++]="01.02.17 14:30:00|8188;3937;3945;47800;779;779;33|0;0;0;0;0;0;0|8022;3987;4065;47600;716;716;35|750;38;0;0.0;2902|24261;0;460913"
m[mi++]="01.02.17 14:25:00|7175;3504;3631;47100;742;742;33|0;0;0;0;0;0;0|7465;3792;3889;46900;709;709;35|565;29;0;0.0;2842|27607;0;458902"
m[mi++]="01.02.17 14:20:00|5330;2511;2569;46500;693;690;33|0;0;0;0;0;0;0|4410;2346;2363;46300;622;622;35|292;32;0;0.0;2796|25464;0;456601"
m[mi++]="01.02.17 14:15:00|8785;4593;4487;46000;707;707;33|0;0;0;0;0;0;0|8520;4682;4241;45900;658;659;34|540;40;0;0.0;2773|32060;0;454493"
m[mi++]="01.02.17 14:10:00|10100;4835;4946;45300;754;754;33|0;0;0;0;0;0;0|10157;5116;5202;45200;716;717;34|761;40;0;0.0;2730|31023;0;451803"
m[mi++]="01.02.17 14:05:00|11270;5510;5558;44400;743;743;33|0;0;0;0;0;0;0|11345;5686;5877;44400;711;711;34|754;38;0;0.0;2669|33733;0;449176"
m[mi++]="01.02.17 14:00:00|6077;3285;2652;43500;741;740;33|0;0;0;0;0;0;0|8266;4523;3762;43400;699;703;34|570;34;0;0.0;2609|29173;0;446370"
m[mi++]="01.02.17 13:55:00|3700;2313;1614;43000;738;736;33|0;0;0;0;0;0;0|7045;4139;3190;42700;670;671;34|412;33;0;0.0;2567|27902;0;443936"
m[mi++]="01.02.17 13:50:00|8145;3868;4029;42700;718;713;33|0;0;0;0;0;0;0|7285;3697;3820;42100;675;675;34|508;31;0;0.0;2534|28623;0;441602"
m[mi++]="01.02.17 13:45:00|7345;3616;3597;42000;721;722;33|0;0;0;0;0;0;0|6845;3478;3460;41500;662;663;34|510;37;0;0.0;2492|26662;0;439214"
m[mi++]="01.02.17 13:40:00|9040;4417;4459;41400;773;773;33|0;0;0;0;0;0;0|9000;4487;4614;41000;728;728;34|845;40;0;0.0;2451|27115;0;437003"
m[mi++]="01.02.17 13:35:00|8378;4016;3975;40700;801;800;32|0;0;0;0;0;0;0|5568;2761;2859;40200;765;765;34|831;33;0;0.0;2384|24553;0;434735"
m[mi++]="01.02.17 13:30:00|4661;3960;715;39900;688;688;32|0;0;0;0;0;0;0|4005;3737;544;39700;651;652;34|286;24;0;0.0;2317|22049;0;432687"
m[mi++]="01.02.17 13:25:00|3855;3560;440;39600;667;666;32|0;0;0;0;0;0;0|3530;3503;336;39400;624;624;34|173;24;0;0.0;2294|26595;0;430884"
m[mi++]="01.02.17 13:20:00|4495;2356;2279;39300;651;653;32|0;0;0;0;0;0;0|4160;2225;2243;39100;620;620;34|210;29;0;0.0;2280|27489;0;428673"
m[mi++]="01.02.17 13:15:00|7468;3729;3798;38900;736;735;32|0;0;0;0;0;0;0|7710;4008;3589;38700;697;697;34|642;41;0;0.0;2263|26291;0;426377"
m[mi++]="01.02.17 13:10:00|7757;3709;3920;38200;759;758;32|0;0;0;0;0;0;0|11500;5838;5430;38100;696;696;34|810;42;0;0.0;2214|33170;0;424171"
m[mi++]="01.02.17 13:05:00|11447;5554;5684;37600;753;754;32|0;0;0;0;0;0;0|10942;6682;4747;37200;685;685;33|855;39;0;0.0;2150|33932;0;421465"
m[mi++]="01.02.17 13:00:00|10105;4965;4917;36600;748;748;32|0;0;0;0;0;0;0|10535;5208;5236;36300;716;715;33|802;37;0;0.0;2083|32889;0;418641"
m[mi++]="01.02.17 12:55:00|8410;4066;4126;35800;772;772;32|0;0;0;0;0;0;0|8547;4241;4312;35400;730;730;33|864;39;0;0.0;2018|25074;0;415849"
m[mi++]="01.02.17 12:50:00|7657;3689;3733;35100;783;782;32|0;0;0;0;0;0;0|7684;3758;3922;34700;741;741;33|837;36;0;0.0;1950|23509;0;413763"
m[mi++]="01.02.17 12:45:00|7940;3922;3989;34400;786;786;32|0;0;0;0;0;0;0|7980;3925;4015;34000;746;747;33|817;35;0;0.0;1883|25274;0;411780"
m[mi++]="01.02.17 12:40:00|1810;1669;213;33800;735;735;32|0;0;0;0;0;0;0|4685;3387;1601;33300;656;656;33|386;30;0;0.0;1817|21076;0;409668"
m[mi++]="01.02.17 12:35:00|8263;3917;4082;33600;771;771;32|0;0;0;0;0;0;0|8721;4256;4464;32900;721;721;33|706;36;0;0.0;1785|27003;0;407910"
m[mi++]="01.02.17 12:30:00|9222;4411;4586;32900;769;770;32|0;0;0;0;0;0;0|9277;4506;4678;32200;728;728;32|758;33;0;0.0;1729|28563;0;405670"
m[mi++]="01.02.17 12:25:00|10010;5234;4707;32200;736;736;31|0;0;0;0;0;0;0|9995;5175;5016;31400;696;694;32|630;36;0;0.0;1668|32592;0;403278"
m[mi++]="01.02.17 12:20:00|11175;5493;5561;31300;766;766;31|0;0;0;0;0;0;0|11265;5697;5893;30600;713;712;32|756;33;0;0.0;1618|34502;0;400568"
m[mi++]="01.02.17 12:15:00|6836;3440;3489;30400;765;765;31|0;0;0;0;0;0;0|7794;3894;4087;29600;732;732;32|606;33;0;0.0;1556|26077;0;397678"
m[mi++]="01.02.17 12:10:00|8663;4254;4309;29800;766;766;31|0;0;0;0;0;0;0|8573;4246;4336;29000;723;723;32|706;37;0;0.0;1508|24566;0;395485"
m[mi++]="01.02.17 12:05:00|8963;4382;4405;29100;770;770;31|0;0;0;0;0;0;0|9105;4573;4785;28200;724;724;32|697;34;0;0.0;1451|27653;0;393441"
m[mi++]="01.02.17 12:00:00|9376;4567;4600;28300;763;763;31|0;0;0;0;0;0;0|6417;3155;3262;27500;736;736;32|686;34;0;0.0;1395|27557;0;391104"
m[mi++]="01.02.17 11:55:00|10310;4978;5044;27500;760;759;31|0;0;0;0;0;0;0|10210;5018;5187;27000;719;719;32|682;34;0;0.0;1339|31900;0;388843"
m[mi++]="01.02.17 11:50:00|9285;4485;4541;26600;769;769;31|0;0;0;0;0;0;0|9215;4493;4653;26100;729;729;32|672;33;0;0.0;1285|27621;0;386185"
m[mi++]="01.02.17 11:45:00|10750;5205;5344;25900;756;755;31|0;0;0;0;0;0;0|10690;5315;5490;25300;719;720;32|664;34;0;0.0;1230|31729;0;383889"
m[mi++]="01.02.17 11:40:00|12505;6106;6227;25000;741;741;30|0;0;0;0;0;0;0|12500;6577;6262;24500;700;700;31|658;34;0;0.0;1177|36977;0;381239"
m[mi++]="01.02.17 11:35:00|9830;4886;4753;23900;744;744;30|0;0;0;0;0;0;0|8870;4778;4112;23400;702;702;31|566;31;0;0.0;1124|32646;0;378149"
m[mi++]="01.02.17 11:30:00|9852;4799;4820;23100;748;749;30|0;0;0;0;0;0;0|8876;4881;4246;22700;695;694;31|578;34;0;0.0;1078|30548;0;375433"
m[mi++]="01.02.17 11:25:00|10765;5301;5382;22300;755;754;30|0;0;0;0;0;0;0|10735;5369;5420;21900;708;709;31|621;34;0;0.0;1031|32913;0;372936"
m[mi++]="01.02.17 11:20:00|10840;5306;5391;21400;755;755;29|0;0;0;0;0;0;0|10890;5686;5187;21000;708;708;31|609;33;0;0.0;981|32189;0;370215"
m[mi++]="01.02.17 11:15:00|12750;6490;6140;20500;722;722;29|0;0;0;0;0;0;0|12690;7815;4820;20100;674;674;30|597;33;0;0.0;932|37859;0;367539"
m[mi++]="01.02.17 11:10:00|10968;5423;5503;19400;749;749;28|0;0;0;0;0;0;0|10978;5760;5367;19100;701;701;30|584;32;0;0.0;884|33193;0;364378"
m[mi++]="01.02.17 11:05:00|9255;4490;4545;18500;767;767;28|0;0;0;0;0;0;0|9345;4637;4643;18200;724;725;29|570;31;0;0.0;836|28577;0;361589"
m[mi++]="01.02.17 11:00:00|9941;4951;4816;17700;762;762;28|0;0;0;0;0;0;0|9852;5203;4830;17400;718;718;29|559;30;0;0.0;790|28507;0;359210"
m[mi++]="01.02.17 10:55:00|10625;5224;5293;16900;751;751;28|0;0;0;0;0;0;0|10610;5394;5285;16600;709;709;29|544;29;0;0.0;744|32352;0;356841"
m[mi++]="01.02.17 10:50:00|10875;5382;5492;16000;740;740;27|0;0;0;0;0;0;0|10770;5750;5262;15700;698;696;28|525;30;0;0.0;699|33059;0;354142"
m[mi++]="01.02.17 10:45:00|9075;4465;4505;15100;765;765;27|0;0;0;0;0;0;0|8875;4479;4395;14800;722;722;28|517;30;0;0.0;656|26995;0;351402"
m[mi++]="01.02.17 10:40:00|9600;4670;4688;14300;761;760;27|0;0;0;0;0;0;0|9389;4922;4589;14000;715;715;27|508;28;0;0.0;614|29469;0;349138"
m[mi++]="01.02.17 10:35:00|9328;4458;4495;13500;765;765;26|0;0;0;0;0;0;0|9257;4588;4716;13200;719;719;27|485;27;0;0.0;572|27838;0;346672"
m[mi++]="01.02.17 10:25:00|9931;4720;4752;12000;741;740;25|0;0;0;0;0;0;0|9494;5332;4375;11700;700;705;26|454;26;0;0.0;492|29488;0;342048"
m[mi++]="01.02.17 10:20:00|10610;5327;5362;11100;712;711;25|0;0;0;0;0;0;0|10295;6777;3801;10800;673;673;26|442;26;0;0.0;454|34729;0;339597"
m[mi++]="01.02.17 10:15:00|10435;5175;5223;10200;703;703;24|0;0;0;0;0;0;0|10095;6827;3569;10000;666;666;25|424;27;0;0.0;418|41144;0;336723"
m[mi++]="01.02.17 10:10:00|10121;5010;5055;9400;709;709;24|0;0;0;0;0;0;0|9821;6589;3428;9200;672;672;25|409;26;0;0.0;384|33801;0;333363"
m[mi++]="01.02.17 10:05:00|9905;4854;4878;8500;714;714;23|0;0;0;0;0;0;0|9545;6328;3428;8300;676;676;24|394;25;0;0.0;349|34119;0;330463"
m[mi++]="01.02.17 10:00:00|9511;4753;4788;7700;714;714;23|0;0;0;0;0;0;0|9138;4626;4372;7500;686;686;24|375;24;0;0.0;316|37743;0;327615"
m[mi++]="01.02.17 09:55:00|9205;4548;4566;6900;718;718;22|0;0;0;0;0;0;0|8845;4428;4501;6800;689;689;23|361;23;0;0.0;285|38690;0;324476"
m[mi++]="01.02.17 09:50:00|8855;4343;4367;6100;720;719;22|0;0;0;0;0;0;0|8530;4201;4277;6000;694;695;23|344;21;0;0.0;255|35746;0;321238"
m[mi++]="01.02.17 09:45:00|8331;4007;4021;5400;724;723;22|0;0;0;0;0;0;0|7878;3881;3941;5300;706;707;23|321;18;0;0.0;226|34770;0;318262"
m[mi++]="01.02.17 09:40:00|4830;2239;2217;4700;726;726;22|0;0;0;0;0;0;0|4790;2904;2279;4600;698;699;23|204;14;0;0.0;198|35083;0;315379"
m[mi++]="01.02.17 09:35:00|2494;1205;1171;4300;713;713;22|0;0;0;0;0;0;0|2373;2313;150;4300;664;662;23|103;14;0;0.0;181|31881;0;312444"
m[mi++]="01.02.17 09:30:00|3505;1680;1660;4100;716;716;21|0;0;0;0;0;0;0|3272;3251;123;4000;666;666;22|142;16;0;0.0;172|32195;0;309797"
m[mi++]="01.02.17 09:25:00|3575;1736;1704;3800;715;715;21|0;0;0;0;0;0;0|3425;3496;19;3800;659;658;22|149;17;0;0.0;159|39395;0;307127"
m[mi++]="01.02.17 09:20:00|3360;1601;1561;3500;719;719;21|0;0;0;0;0;0;0|3190;3269;23;3500;663;662;22|140;17;0;0.0;146|35483;0;303855"
m[mi++]="01.02.17 09:15:00|3773;1822;1791;3200;715;714;20|0;0;0;0;0;0;0|3542;3431;201;3200;670;670;21|154;19;0;0.0;134|34893;0;300896"
m[mi++]="01.02.17 09:10:00|4426;2157;2099;2900;726;726;20|0;0;0;0;0;0;0|4447;2285;2172;2900;703;703;20|187;19;0;0.0;121|37056;0;297967"
m[mi++]="01.02.17 09:05:00|4295;2064;2011;2500;736;736;19|0;0;0;0;0;0;0|4490;2294;2157;2500;701;701;20|183;18;0;0.0;106|32580;0;294888"
m[mi++]="01.02.17 09:00:00|4377;2042;2016;2200;740;740;19|0;0;0;0;0;0;0|4266;2131;2154;2200;708;708;19|187;16;0;0.0;90|34945;0;292187"
m[mi++]="01.02.17 08:55:00|3821;1809;1777;1800;740;740;18|0;0;0;0;0;0;0|3626;2225;1452;1800;693;693;19|163;14;0;0.0;74|35576;0;289171"
m[mi++]="01.02.17 08:50:00|2945;1416;1353;1500;737;736;18|0;0;0;0;0;0;0|2910;1437;1466;1500;710;710;18|127;12;0;0.0;60|26176;0;286215"
m[mi++]="01.02.17 08:45:00|2515;1110;1069;1200;737;737;17|0;0;0;0;0;0;0|2285;1088;1117;1300;719;719;18|60;11;0;0.0;49|28322;0;284037"
m[mi++]="01.02.17 08:40:00|1842;846;765;1000;729;729;17|0;0;0;0;0;0;0|1800;904;926;1100;705;705;17|51;11;0;0.0;44|29119;0;281671"
m[mi++]="01.02.17 08:35:00|2090;930;879;800;733;732;16|0;0;0;0;0;0;0|2100;992;1028;900;718;718;17|82;12;0;0.0;39|29445;0;279265"
m[mi++]="01.02.17 08:30:00|1861;1038;606;700;712;711;16|0;0;0;0;0;0;0|1894;895;935;700;716;716;16|76;13;0;0.0;32|29568;0;276816"
m[mi++]="01.02.17 08:25:00|1215;1355;0;500;631;631;16|0;0;0;0;0;0;0|1405;899;510;600;690;690;16|58;12;0;0.0;25|31440;0;274331"
m[mi++]="01.02.17 08:20:00|910;1093;0;400;580;579;15|0;0;0;0;0;0;0|985;1198;6;400;615;615;16|48;11;0;0.0;20|30811;0;271722"
m[mi++]="01.02.17 08:15:00|866;993;0;300;618;618;15|0;0;0;0;0;0;0|855;1024;23;400;601;600;15|40;10;0;0.0;16|28348;0;269156"
m[mi++]="01.02.17 08:10:00|682;807;0;200;612;611;14|0;0;0;0;0;0;0|794;848;0;300;637;637;15|31;9;0;0.0;13|28773;0;266788"
m[mi++]="01.02.17 08:05:00|558;615;0;200;584;585;14|0;0;0;0;0;0;0|588;679;3;200;599;598;14|26;8;0;0.0;10|29509;0;264347"
m[mi++]="01.02.17 08:00:00|527;562;0;100;632;632;14|0;0;0;0;0;0;0|516;589;6;200;617;617;14|23;8;0;0.0;8|29166;0;261897"
m[mi++]="01.02.17 07:55:00|435;345;0;100;684;684;14|0;0;0;0;0;0;0|255;189;3;100;677;678;14|19;7;0;0.0;6|30926;0;259420"
m[mi++]="01.02.17 07:50:00|188;3;0;0;404;404;13|0;0;0;0;0;0;0|329;24;0;100;215;214;14|17;7;0;0.0;4|29459;0;256853"
m[mi++]="01.02.17 07:45:00|220;2;0;0;213;214;12|0;0;0;0;0;0;0|280;16;1;100;213;213;13|13;7;0;0.0;2|30982;0;254335"
m[mi++]="01.02.17 07:40:00|17;8;0;0;735;735;12|0;0;0;0;0;0;0|17;0;8;0;673;673;12|9;7;0;0.0;1|30399;0;251754"
m[mi++]="01.02.17 07:35:00|0;0;0;0;724;723;12|0;0;0;0;0;0;0|0;10;23;0;689;689;12|6;7;0;0.0;0|28746;0;249215"
m[mi++]="01.02.17 07:30:00|0;0;0;0;702;701;11|0;0;0;0;0;0;0|0;7;11;0;668;667;11|3;7;0;0.0;0|30636;0;246821"
m[mi++]="01.02.17 07:25:00|0;0;0;0;676;676;10|0;0;0;0;0;0;0|0;16;25;0;643;643;10|1;7;0;0.0;0|30188;0;244296"
m[mi++]="01.02.17 07:20:00|0;0;0;0;374;373;5|0;0;0;0;0;0;0|5;0;3;0;355;354;5|0;7;0;0.0;0|35889;0;241780"
m[mi++]="01.02.17 07:15:00|0;0;0;0;0;0;0|0;0;0;0;0;0;0|0;0;0;0;0;0;0|0;7;0;0.0;0|35019;0;238689"
m[mi++]="01.02.17 07:10:00|0;0;0;0;0;0;0|0;0;0;0;0;0;0|0;0;0;0;0;0;0|0;7;0;0.0;0|34897;0;235772"
m[mi++]="01.02.17 07:05:00|0;0;0;0;0;0;0|0;0;0;0;0;0;0|0;0;0;0;0;0;0|0;7;0;0.0;0|36262;0;232844"
m[mi++]="01.02.17 07:00:00|0;0;0;0;0;0;0|0;0;0;0;0;0;0|0;0;0;0;0;0;0|0;7;0;0.0;0|36015;0;229828"
m[mi++]="01.02.17 06:55:00|0;0;0;0;0;0;0|0;0;0;0;0;0;0|0;0;0;0;0;0;0|0;7;0;0.0;0|34267;0;226839"
m[mi++]="01.02.17 06:50:00|0;0;0;0;0;0;0|0;0;0;0;0;0;0|0;0;0;0;0;0;0|0;7;0;0.0;0|38294;0;223982"
m[mi++]="01.02.17 06:45:00|0;0;0;0;0;0;0|0;0;0;0;0;0;0|0;0;0;0;0;0;0|0;7;0;0.0;0|32791;0;220812"
m[mi++]="01.02.17 06:40:00|0;0;0;0;0;0;0|0;0;0;0;0;0;0|0;0;0;0;0;0;0|0;7;0;0.0;0|35605;0;218068"
m[mi++]="01.02.17 06:35:00|0;0;0;0;0;0;0|0;0;0;0;0;0;0|0;0;0;0;0;0;0|0;7;0;0.0;0|34253;0;215133"
m[mi++]="01.02.17 06:30:00|0;0;0;0;0;0;0|0;0;0;0;0;0;0|0;0;0;0;0;0;0|0;7;0;0.0;0|29576;0;212270"
m[mi++]="01.02.17 06:25:00|0;0;0;0;0;0;0|0;0;0;0;0;0;0|0;0;0;0;0;0;0|0;7;0;0.0;0|33548;0;209785"
m[mi++]="01.02.17 06:20:00|0;0;0;0;0;0;0|0;0;0;0;0;0;0|0;0;0;0;0;0;0|0;7;0;0.0;0|32628;0;206999"
m[mi++]="01.02.17 06:15:00|0;0;0;0;0;0;0|0;0;0;0;0;0;0|0;0;0;0;0;0;0|0;7;0;0.0;0|33543;0;204266"
m[mi++]="01.02.17 06:10:00|0;0;0;0;0;0;0|0;0;0;0;0;0;0|0;0;0;0;0;0;0|0;8;0;0.0;0|37476;0;201470"
m[mi++]="01.02.17 06:05:00|0;0;0;0;0;0;0|0;0;0;0;0;0;0|0;0;0;0;0;0;0|0;7;0;0.0;0|35036;0;198337"
m[mi++]="01.02.17 06:00:00|0;0;0;0;0;0;0|0;0;0;0;0;0;0|0;0;0;0;0;0;0|0;7;0;0.0;0|36554;0;195415"
m[mi++]="01.02.17 05:55:00|0;0;0;0;0;0;0|0;0;0;0;0;0;0|0;0;0;0;0;0;0|0;8;0;0.0;0|37112;0;192368"
m[mi++]="01.02.17 05:50:00|0;0;0;0;0;0;0|0;0;0;0;0;0;0|0;0;0;0;0;0;0|0;8;0;0.0;0|33274;0;189276"
m[mi++]="01.02.17 05:45:00|0;0;0;0;0;0;0|0;0;0;0;0;0;0|0;0;0;0;0;0;0|0;8;0;0.0;0|32457;0;186511"
m[mi++]="01.02.17 05:40:00|0;0;0;0;0;0;0|0;0;0;0;0;0;0|0;0;0;0;0;0;0|0;8;0;0.0;0|30510;0;183799"
m[mi++]="01.02.17 05:35:00|0;0;0;0;0;0;0|0;0;0;0;0;0;0|0;0;0;0;0;0;0|0;8;0;0.0;0|30650;0;181271"
m[mi++]="01.02.17 05:30:00|0;0;0;0;0;0;0|0;0;0;0;0;0;0|0;0;0;0;0;0;0|0;7;0;0.0;0|31279;0;178728"
m[mi++]="01.02.17 05:25:00|0;0;0;0;0;0;0|0;0;0;0;0;0;0|0;0;0;0;0;0;0|0;7;0;0.0;0|29218;0;176126"
m[mi++]="01.02.17 05:20:00|0;0;0;0;0;0;0|0;0;0;0;0;0;0|0;0;0;0;0;0;0|0;8;0;0.0;0|31861;0;173699"
m[mi++]="01.02.17 05:15:00|0;0;0;0;0;0;0|0;0;0;0;0;0;0|0;0;0;0;0;0;0|0;8;0;0.0;0|35790;0;171068"
m[mi++]="01.02.17 05:10:00|0;0;0;0;0;0;0|0;0;0;0;0;0;0|0;0;0;0;0;0;0|0;8;0;0.0;0|31120;0;168090"
m[mi++]="01.02.17 05:05:00|0;0;0;0;0;0;0|0;0;0;0;0;0;0|0;0;0;0;0;0;0|0;8;0;0.0;0|31262;0;165461"
m[mi++]="01.02.17 05:00:00|0;0;0;0;0;0;0|0;0;0;0;0;0;0|0;0;0;0;0;0;0|0;8;0;0.0;0|30019;0;162855"
m[mi++]="01.02.17 04:55:00|0;0;0;0;0;0;0|0;0;0;0;0;0;0|0;0;0;0;0;0;0|0;8;0;0.0;0|29877;0;160386"
m[mi++]="01.02.17 04:50:00|0;0;0;0;0;0;0|0;0;0;0;0;0;0|0;0;0;0;0;0;0|0;8;0;0.0;0|31792;0;157896"
m[mi++]="01.02.17 04:45:00|0;0;0;0;0;0;0|0;0;0;0;0;0;0|0;0;0;0;0;0;0|0;9;0;0.0;0|31289;0;155235"
m[mi++]="01.02.17 04:40:00|0;0;0;0;0;0;0|0;0;0;0;0;0;0|0;0;0;0;0;0;0|0;9;0;0.0;0|30600;0;152636"
m[mi++]="01.02.17 04:35:00|0;0;0;0;0;0;0|0;0;0;0;0;0;0|0;0;0;0;0;0;0|0;9;0;0.0;0|29444;0;150081"
m[mi++]="01.02.17 04:30:00|0;0;0;0;0;0;0|0;0;0;0;0;0;0|0;0;0;0;0;0;0|0;10;0;0.0;0|31289;0;147636"
m[mi++]="01.02.17 04:25:00|0;0;0;0;0;0;0|0;0;0;0;0;0;0|0;0;0;0;0;0;0|0;10;0;0.0;0|28393;0;145019"
m[mi++]="01.02.17 04:20:00|0;0;0;0;0;0;0|0;0;0;0;0;0;0|0;0;0;0;0;0;0|0;10;0;0.0;0|30872;0;142664"
m[mi++]="01.02.17 04:15:00|0;0;0;0;0;0;0|0;0;0;0;0;0;0|0;0;0;0;0;0;0|0;10;0;0.0;0|31065;0;140080"
m[mi++]="01.02.17 04:10:00|0;0;0;0;0;0;0|0;0;0;0;0;0;0|0;0;0;0;0;0;0|0;10;0;0.0;0|31138;0;137489"
m[mi++]="01.02.17 04:05:00|0;0;0;0;0;0;0|0;0;0;0;0;0;0|0;0;0;0;0;0;0|0;10;0;0.0;0|32729;0;134887"
m[mi++]="01.02.17 04:00:00|0;0;0;0;0;0;0|0;0;0;0;0;0;0|0;0;0;0;0;0;0|0;10;0;0.0;0|29819;0;132170"
m[mi++]="01.02.17 03:55:00|0;0;0;0;0;0;0|0;0;0;0;0;0;0|0;0;0;0;0;0;0|0;10;0;0.0;0|31326;0;129672"
m[mi++]="01.02.17 03:50:00|0;0;0;0;0;0;0|0;0;0;0;0;0;0|0;0;0;0;0;0;0|0;10;0;0.0;0|31932;0;127062"
m[mi++]="01.02.17 03:45:00|0;0;0;0;0;0;0|0;0;0;0;0;0;0|0;0;0;0;0;0;0|0;11;0;0.0;0|30148;0;124401"
m[mi++]="01.02.17 03:40:00|0;0;0;0;0;0;0|0;0;0;0;0;0;0|0;0;0;0;0;0;0|0;11;0;0.0;0|32559;0;121888"
m[mi++]="01.02.17 03:35:00|0;0;0;0;0;0;0|0;0;0;0;0;0;0|0;0;0;0;0;0;0|0;11;0;0.0;0|30950;0;119152"
m[mi++]="01.02.17 03:30:00|0;0;0;0;0;0;0|0;0;0;0;0;0;0|0;0;0;0;0;0;0|0;10;0;0.0;0|33280;0;116581"
m[mi++]="01.02.17 03:25:00|0;0;0;0;0;0;0|0;0;0;0;0;0;0|0;0;0;0;0;0;0|0;11;0;0.0;0|32817;0;113851"
m[mi++]="01.02.17 03:20:00|0;0;0;0;0;0;0|0;0;0;0;0;0;0|0;0;0;0;0;0;0|0;11;0;0.0;0|31208;0;111114"
m[mi++]="01.02.17 03:15:00|0;0;0;0;0;0;0|0;0;0;0;0;0;0|0;0;0;0;0;0;0|0;11;0;0.0;0|32921;0;108517"
m[mi++]="01.02.17 03:10:00|0;0;0;0;0;0;0|0;0;0;0;0;0;0|0;0;0;0;0;0;0|0;11;0;0.0;0|31028;0;106244"
m[mi++]="01.02.17 03:05:00|0;0;0;0;0;0;0|0;0;0;0;0;0;0|0;0;0;0;0;0;0|0;11;0;0.0;0|32844;0;103065"
m[mi++]="01.02.17 03:00:00|0;0;0;0;0;0;0|0;0;0;0;0;0;0|0;0;0;0;0;0;0|0;11;0;0.0;0|30980;0;102094"
m[mi++]="01.02.17 02:55:00|0;0;0;0;0;0;0|0;0;0;0;0;0;0|0;0;0;0;0;0;0|0;11;0;0.0;0|29610;0;99469"
m[mi++]="01.02.17 02:50:00|0;0;0;0;0;0;0|0;0;0;0;0;0;0|0;0;0;0;0;0;0|0;11;0;0.0;0|34016;0;97004"
m[mi++]="01.02.17 02:45:00|0;0;0;0;0;0;0|0;0;0;0;0;0;0|0;0;0;0;0;0;0|0;11;0;0.0;0|32224;0;94191"
m[mi++]="01.02.17 02:40:00|0;0;0;0;0;0;0|0;0;0;0;0;0;0|0;0;0;0;0;0;0|0;11;0;0.0;0|29917;0;91503"
m[mi++]="01.02.17 02:35:00|0;0;0;0;0;0;0|0;0;0;0;0;0;0|0;0;0;0;0;0;0|0;11;0;0.0;0|30418;0;88990"
m[mi++]="01.02.17 02:30:00|0;0;0;0;0;0;0|0;0;0;0;0;0;0|0;0;0;0;0;0;0|0;11;0;0.0;0|32977;0;86465"
m[mi++]="01.02.17 02:25:00|0;0;0;0;0;0;0|0;0;0;0;0;0;0|0;0;0;0;0;0;0|0;11;0;0.0;0|37325;0;83712"
m[mi++]="01.02.17 02:20:00|0;0;0;0;0;0;0|0;0;0;0;0;0;0|0;0;0;0;0;0;0|0;11;0;0.0;0|35082;0;80599"
m[mi++]="01.02.17 02:15:00|0;0;0;0;0;0;0|0;0;0;0;0;0;0|0;0;0;0;0;0;0|0;11;0;0.0;0|36491;0;77684"
m[mi++]="01.02.17 02:10:00|0;0;0;0;0;0;0|0;0;0;0;0;0;0|0;0;0;0;0;0;0|0;12;0;0.0;0|32440;0;74643"
m[mi++]="01.02.17 02:05:00|0;0;0;0;0;0;0|0;0;0;0;0;0;0|0;0;0;0;0;0;0|0;11;0;0.0;0|34199;0;71906"
m[mi++]="01.02.17 02:00:00|0;0;0;0;0;0;0|0;0;0;0;0;0;0|0;0;0;0;0;0;0|0;11;0;0.0;0|32040;0;69067"
m[mi++]="01.02.17 01:55:00|0;0;0;0;0;0;0|0;0;0;0;0;0;0|0;0;0;0;0;0;0|0;11;0;0.0;0|32675;0;66408"
m[mi++]="01.02.17 01:50:00|0;0;0;0;0;0;0|0;0;0;0;0;0;0|0;0;0;0;0;0;0|0;11;0;0.0;0|33424;0;63687"
m[mi++]="01.02.17 01:45:00|0;0;0;0;0;0;0|0;0;0;0;0;0;0|0;0;0;0;0;0;0|0;11;0;0.0;0|32537;0;60923"
m[mi++]="01.02.17 01:40:00|0;0;0;0;0;0;0|0;0;0;0;0;0;0|0;0;0;0;0;0;0|0;11;0;0.0;0|33687;0;58202"
m[mi++]="01.02.17 01:35:00|0;0;0;0;0;0;0|0;0;0;0;0;0;0|0;0;0;0;0;0;0|0;11;0;0.0;0|34671;0;55368"
m[mi++]="01.02.17 01:30:00|0;0;0;0;0;0;0|0;0;0;0;0;0;0|0;0;0;0;0;0;0|0;11;0;0.0;0|30920;0;52482"
m[mi++]="01.02.17 01:25:00|0;0;0;0;0;0;0|0;0;0;0;0;0;0|0;0;0;0;0;0;0|0;11;0;0.0;0|32149;0;49899"
m[mi++]="01.02.17 01:20:00|0;0;0;0;0;0;0|0;0;0;0;0;0;0|0;0;0;0;0;0;0|0;11;0;0.0;0|34131;0;47223"
m[mi++]="01.02.17 01:15:00|0;0;0;0;0;0;0|0;0;0;0;0;0;0|0;0;0;0;0;0;0|0;11;0;0.0;0|32401;0;44366"
m[mi++]="01.02.17 01:10:00|0;0;0;0;0;0;0|0;0;0;0;0;0;0|0;0;0;0;0;0;0|0;11;0;0.0;0|32769;0;41658"
m[mi++]="01.02.17 01:05:00|0;0;0;0;0;0;0|0;0;0;0;0;0;0|0;0;0;0;0;0;0|0;11;0;0.0;0|33468;0;38942"
m[mi++]="01.02.17 01:00:00|0;0;0;0;0;0;0|0;0;0;0;0;0;0|0;0;0;0;0;0;0|0;11;0;0.0;0|38412;0;36154"
m[mi++]="01.02.17 00:55:00|0;0;0;0;0;0;0|0;0;0;0;0;0;0|0;0;0;0;0;0;0|0;11;0;0.0;0|36478;0;32943"
m[mi++]="01.02.17 00:50:00|0;0;0;0;0;0;0|0;0;0;0;0;0;0|0;0;0;0;0;0;0|0;11;0;0.0;0|34591;0;29904"
m[mi++]="01.02.17 00:45:00|0;0;0;0;0;0;0|0;0;0;0;0;0;0|0;0;0;0;0;0;0|0;11;0;0.0;0|38387;0;27041"
m[mi++]="01.02.17 00:40:00|0;0;0;0;0;0;0|0;0;0;0;0;0;0|0;0;0;0;0;0;0|0;11;0;0.0;0|33705;0;23839"
m[mi++]="01.02.17 00:35:00|0;0;0;0;0;0;0|0;0;0;0;0;0;0|0;0;0;0;0;0;0|0;11;0;0.0;0|34820;0;21005"
m[mi++]="01.02.17 00:30:00|0;0;0;0;0;0;0|0;0;0;0;0;0;0|0;0;0;0;0;0;0|0;11;0;0.0;0|38358;0;18104"
m[mi++]="01.02.17 00:25:00|0;0;0;0;0;0;0|0;0;0;0;0;0;0|0;0;0;0;0;0;0|0;11;0;0.0;0|33592;0;14877"
m[mi++]="01.02.17 00:20:00|0;0;0;0;0;0;0|0;0;0;0;0;0;0|0;0;0;0;0;0;0|0;11;0;0.0;0|38057;0;12077"
m[mi++]="01.02.17 00:15:00|0;0;0;0;0;0;0|0;0;0;0;0;0;0|0;0;0;0;0;0;0|0;11;0;0.0;0|35193;0;8930"
m[mi++]="01.02.17 00:10:00|0;0;0;0;0;0;0|0;0;0;0;0;0;0|0;0;0;0;0;0;0|0;11;0;0.0;0|34148;0;6006"
m[mi++]="01.02.17 00:05:00|0;0;0;0;0;0;0|0;0;0;0;0;0;0|0;0;0;0;0;0;0|0;11;0;0.0;0|35902;0;3139"
m[mi++]="01.02.17 00:00:00|0;0;0;0;0;0;0|0;0;0;0;0;0;0|0;0;0;0;0;0;0|0;11;0;0.0;0|38738;0;141"
